0,475
0,474
0,473
0,472
0,471
0,243
0,470
33,52
33,51
33,50
33,49
33,48
33,47
33,46
33,45
33,44
33,43
33,42
33,41
33,40
33,39
33,38
33,37
33,36
33,35
0,273
0,270
3,2
3,1
3,3
10,265
10,289
10,277
10,169
10,127
10,309
10,77
11,9
11,17
11,7
11,13
11,2
11,3
8,18
8,12
8,6
8,11
30,4
30,3
30,2
30,1
30,0
28,5
28,4
28,3
28,2
28,1
28,0
27,4
27,3
27,2
27,1
27,0
26,4
26,3
26,2
26,1
26,0
25,4
25,3
25,2
25,1
25,0
24,3
24,2
24,1
24,0
20,3
20,2
20,1
19,3
19,2
19,1
12,3
12,2
12,1
11,29
11,28
11,27
11,26
11,25
11,24
11,23
11,22
11,21
11,1
18,1
11,20
18,3
10,285
10,271
